(title "Static Pressure vs. Curve Length")
(labels "Curve Length" "Static Pressure")

((xy/key/label "centerline")
0	11863.9
0.000232761	11863.8
0.000286929	11863.8
0.000543374	11863.7
0.000817275	11863.6
0.00109245	11863.5
0.00112213	11863.5
0.00139052	11863.4
0.00174489	11863.3
0.00194322	11863.2
0.00229267	11863.1
0.00237226	11863
0.00243872	11863
0.00246478	11863
0.00265551	11862.9
0.00280413	11862.9
0.00288544	11862.8
0.00317622	11862.7
0.00330623	11862.7
0.00358065	11862.6
0.00361578	11862.6
0.00363937	11862.6
0.00394889	11862.5
0.0041641	11862.4
0.00435668	11862.3
0.00446389	11862.3
0.00475508	11862.2
0.00494466	11862.1
0.00511763	11862.1
0.00554255	11861.9
0.00588763	11861.8
0.00591153	11861.8
0.00597671	11861.8
0.00603105	11861.8
0.0061292	11861.7
0.00635179	11861.6
0.00651659	11861.6
0.00654312	11861.6
0.00682821	11861.5
0.00694826	11861.4
0.00728104	11861.3
0.00730906	11861.3
0.00764038	11861.2
0.00768304	11861.2
0.00812425	11861
0.00815091	11861
0.00853127	11860.9
0.0085514	11860.9
0.00890473	11860.8
0.00913689	11860.7
0.00925725	11860.6
0.0096153	11860.5
0.00974068	11860.5
0.0099515	11860.4
0.0100621	11860.3
0.0101918	11860.3
0.0103037	11860.3
0.0105945	11860.2
0.010745	11860.1
0.0110531	11860
0.0112105	11859.9
0.0114471	11859.9
0.0114511	11859.9
0.0115471	11859.8
0.0116118	11859.8
0.0116572	11859.8
0.0121523	11859.6
0.0122093	11859.6
0.0122693	11859.5
0.0124378	11859.5
0.0126645	11859.4
0.012727	11859.4
0.0131455	11859.2
0.0134985	11859.1
0.0135445	11859.1
0.0138403	11859
0.0139459	11858.9
0.0141578	11858.9
0.0145524	11858.7
0.0145689	11858.7
0.0149498	11858.6
0.0150374	11858.6
0.015347	11858.4
0.0157202	11858.3
0.0157359	11858.3
0.0157638	11858.3
0.0161257	11858.2
0.0162153	11858.1
0.0162711	11858.1
0.0164585	11858
0.0166657	11858
0.0168248	11857.9
0.0168613	11857.9
0.0170376	11857.8
0.017127	11857.8
0.0171396	11857.8
0.0174371	11857.7
0.0175485	11857.6
0.0177467	11857.6
0.0179205	11857.5
0.0179751	11857.5
0.0181234	11857.4
0.0184717	11857.3
0.0185491	11857.3
0.0187852	11857.2
0.0188936	11857.2
0.0188981	11857.2
0.0192506	11857
0.0193964	11857
0.019656	11856.9
0.0198878	11856.8
0.0199148	11856.8
0.0201423	11856.7
0.0203283	11856.6
0.0205973	11856.5
0.0207349	11856.5
0.0209589	11856.4
0.0211385	11856.3
0.0212808	11856.3
0.0214099	11856.2
0.0216833	11856.1
0.0218563	11856.1
0.0220011	11856
0.0223966	11855.9
0.0226818	11855.8
0.022903	11855.7
0.0232732	11855.5
0.023334	11855.5
0.0234965	11855.5
0.0237319	11855.4
0.0240561	11855.2
0.0241517	11855.2
0.0241846	11855.2
0.0243917	11855.1
0.0245949	11855
0.0246849	11855
0.0249546	11854.9
0.0252272	11854.8
0.025284	11854.8
0.0254185	11854.8
0.0254912	11854.7
0.0256367	11854.7
0.0259218	11854.6
0.0261926	11854.5
0.0263869	11854.4
0.0265529	11854.3
0.0267957	11854.2
0.02702	11854.2
0.0271563	11854.1
0.027352	11854
0.0276114	11853.9
0.0278555	11853.9
0.0279933	11853.8
0.0279994	11853.8
0.028266	11853.7
0.0282881	11853.7
0.0284074	11853.6
0.028829	11853.5
0.029097	11853.4
0.0291663	11853.4
0.0291904	11853.4
0.0295829	11853.2
0.0296591	11853.2
0.0296725	11853.2
0.0301039	11853
0.0301711	11853
0.0304551	11852.9
0.0305653	11852.9
0.0307777	11852.8
0.0310484	11852.7
0.0311725	11852.6
0.0314006	11852.6
0.0314462	11852.5
0.0316447	11852.5
0.0317346	11852.4
0.0319871	11852.3
0.0320528	11852.3
0.0320782	11852.3
0.0324385	11852.2
0.0325626	11852.1
0.0327651	11852.1
0.0328775	11852
0.0329981	11852
0.0332642	11851.9
0.0336109	11851.7
0.0338552	11851.7
0.0339733	11851.6
0.0340379	11851.6
0.0343415	11851.5
0.034533	11851.4
0.0347052	11851.3
0.0349269	11851.2
0.0349352	11851.2
0.0350486	11851.2
0.0354573	11851.1
0.0356029	11851
0.0358611	11850.9
0.0358788	11850.9
0.0361557	11850.8
0.0362246	11850.8
0.0362263	11850.8
0.0364686	11850.7
0.0366131	11850.6
0.036966	11850.5
0.0369668	11850.5
0.0369949	11850.5
0.0370944	11850.4
0.0373401	11850.4
0.0373852	11850.3
0.0374622	11850.3
0.0377491	11850.2
0.0378641	11850.2
0.0379569	11850.1
0.0380978	11850.1
0.0382781	11850
0.0385498	11849.9
0.0386418	11849.9
0.0386622	11849.9
0.0388095	11849.8
0.039031	11849.7
0.0393032	11849.6
0.0395504	11849.5
0.0395676	11849.5
0.0396219	11849.5
0.0398257	11849.4
0.0399201	11849.4
0.0400723	11849.3
0.0402807	11849.3
0.0403592	11849.2
0.040569	11849.1
0.0408265	11849
0.0412943	11848.9
0.0413821	11848.8
0.0413911	11848.8
0.0416324	11848.8
0.042035	11848.6
0.0421031	11848.6
0.0425649	11848.4
0.0426318	11848.4
0.0428164	11848.3
0.0430551	11848.2
0.0433106	11848.1
0.0434581	11848.1
0.0437993	11847.9
0.0439026	11847.9
0.0439724	11847.9
0.0441117	11847.8
0.0444878	11847.7
0.0445389	11847.7
0.0445672	11847.6
0.0448847	11847.5
0.0453419	11847.4
0.0454498	11847.3
0.0457729	11847.2
0.045785	11847.2
0.0459583	11847.1
0.0464003	11846.9
0.0465411	11846.9
0.0466305	11846.9
0.046651	11846.9
0.0468658	11846.8
0.0469926	11846.7
0.0471809	11846.7
0.0473855	11846.6
0.0473999	11846.6
0.0474677	11846.6
0.0477411	11846.4
0.0478234	11846.4
0.0481798	11846.3
0.0482739	11846.2
0.0484464	11846.2
0.0485894	11846.1
0.0488217	11846
0.0488929	11846
0.0493106	11845.8
0.0496004	11845.7
0.0498244	11845.6
0.0501246	11845.5
0.050249	11845.5
0.0503278	11845.5
0.0504626	11845.4
0.0505213	11845.4
0.0509331	11845.2
0.0510033	11845.2
0.0510441	11845.2
0.0511246	11845.2
0.051544	11845
0.0516023	11845
0.0517706	11844.9
0.0522228	11844.7
0.0522734	11844.7
0.0524399	11844.6
0.052629	11844.6
0.0528681	11844.5
0.0529887	11844.4
0.0533195	11844.3
0.0536433	11844.2
0.0537236	11844.1
0.0538085	11844.1
0.0540671	11844
0.0542632	11843.9
0.0543228	11843.9
0.0546226	11843.8
0.0547258	11843.8
0.0549495	11843.7
0.0551153	11843.6
0.0552106	11843.6
0.055466	11843.5
0.0556321	11843.4
0.0557394	11843.4
0.0558558	11843.3
0.0563756	11843.1
0.0563996	11843.1
0.0564156	11843.1
0.0564784	11843.1
0.0567348	11843
0.0567936	11843
0.056804	11843
0.057157	11842.8
0.0573241	11842.8
0.0573411	11842.7
0.0574022	11842.7
0.0577048	11842.6
0.0578459	11842.6
0.0580845	11842.5
0.0582564	11842.4
0.0583307	11842.4
0.0584711	11842.3
0.0587184	11842.2
0.0587374	11842.2
0.0587395	11842.2
0.0587729	11842.2
0.0587814	11842.2
0.0591606	11842
0.0593546	11842
0.0596307	11841.9
0.0596652	11841.8
0.0599983	11841.7
0.0602299	11841.6
0.0603958	11841.6
0.0605677	11841.5
0.0606431	11841.5
0.0608453	11841.4
0.0609662	11841.3
0.0610231	11841.3
0.0612954	11841.2
0.0613632	11841.2
0.0614421	11841.2
0.0618595	11841
0.0620952	11840.9
0.0625382	11840.7
0.0625885	11840.7
0.0629222	11840.6
0.0629673	11840.6
0.0630534	11840.5
0.0633843	11840.4
0.0635512	11840.3
0.0637777	11840.2
0.0638928	11840.2
0.0640144	11840.2
0.0640956	11840.1
0.064241	11840.1
0.0642688	11840.1
0.064628	11839.9
0.0646654	11839.9
0.0650698	11839.7
0.0650736	11839.7
0.0651486	11839.7
0.0655777	11839.5
0.0660513	11839.3
0.0661439	11839.2
0.0662569	11839.2
0.0662592	11839.2
0.0662601	11839.2
0.0666987	11838.8
0.0669248	11838.6
0.0669266	11838.6
0.0669283	11838.6
0.0669569	11838.6
0.0669704	11838.6
0.0669713	11838.6
0.0669735	11838.6
0.0670201	11838.5
0.0675642	11837.4
0.0675856	11837.4
0.0676305	11837.3
0.0676308	11837.3
0.0676327	11837.3
0.0676344	11837.3
0.0676353	11837.3
0.0676366	11837.3
0.0676405	11837.3
0.0676539	11837.2
0.0676761	11837.1
0.067763	11836.7
0.0682475	11834.7
0.0682881	11834.4
0.0683117	11834.2
0.0685428	11832.2
0.0685799	11831.9
0.0687127	11830.7
0.0687295	11830.6
0.0687335	11830.5
0.0688299	11829.3
0.0688332	11829.3
0.0688335	11829.3
0.068845	11829.1
0.0690879	11826.1
0.0691216	11825.6
0.0691338	11825.4
0.0694737	11820.4
0.0694968	11820
0.0695066	11819.9
0.0697897	11816.1
0.069798	11815.9
0.0698343	11815.4
0.0698595	11815.1
0.0698926	11814.7
0.0699935	11813.9
0.0699982	11813.8
0.0701225	11812.7
0.0702766	11811.3
0.0703278	11811
0.0703378	11811
0.0705688	11809.9
0.070682	11809.5
0.0707858	11809.5
0.0708647	11809.4
0.0709066	11809.4
0.0710877	11809.4
0.0713046	11809.6
0.071391	11809.7
0.071405	11809.7
0.0714128	11809.7
0.0714235	11809.8
0.071439	11809.8
0.0715005	11809.9
0.0715801	11810
0.0716032	11810.1
0.0716143	11810.1
0.0716481	11810.1
0.0718059	11810.4
0.0719787	11810.7
0.0720252	11810.7
0.0720308	11810.8
0.0721417	11810.9
0.0721502	11811
0.072283	11811.2
0.0723663	11811.3
0.0724726	11811.5
0.0726084	11811.7
0.0727843	11812
0.0727999	11812
0.0729042	11812.2
0.0730849	11812.4
0.0731232	11812.5
0.0731696	11812.6
0.0735937	11813.2
0.0737153	11813.4
0.0738192	11813.6
0.0738989	11813.7
0.0739464	11813.7
0.0739715	11813.8
0.0740336	11813.9
0.074565	11814.6
0.0748623	11815
0.07492	11815
0.0753302	11815.5
0.0755803	11815.7
0.0756191	11815.8
0.0758929	11816
0.0761674	11816.3
0.0762113	11816.3
0.076436	11816.5
0.0765356	11816.5
0.0765525	11816.6
0.0766948	11816.7
0.0768139	11816.7
0.0769208	11816.8
0.0769893	11816.8
0.077214	11817
0.0775611	11817.1
0.0776376	11817.2
0.0776462	11817.2
0.0780143	11817.3
0.0781036	11817.4
0.0781389	11817.4
0.0783404	11817.5
0.0784101	11817.5
0.0785409	11817.5
0.0787671	11817.6
0.0788279	11817.7
0.0789153	11817.7
0.07913	11817.7
0.0792684	11817.8
0.0794882	11817.8
0.0796505	11817.8
0.0798023	11817.9
0.0800511	11817.9
0.0802211	11817.9
0.0805284	11818
0.0805301	11818
0.0805893	11818
0.0808928	11818
0.0809786	11818
0.0812277	11818.1
0.0813826	11818.1
0.0817315	11818.1
0.0817892	11818.1
0.0821975	11818.1
0.0822211	11818.1
0.0822844	11818.1
0.0825798	11818.1
0.0826845	11818.1
0.0827232	11818.1
0.0829017	11818.1
0.083062	11818.1
0.0831367	11818.1
0.0835892	11818.1
0.083643	11818.1
0.0836788	11818.1
0.0840497	11818.1
0.0840902	11818.1
0.084269	11818.1
0.0845982	11818
0.084696	11818
0.0848501	11818
0.0850428	11818
0.0851355	11817.9
0.0852617	11817.9
0.0856024	11817.9
0.0856186	11817.9
0.0856376	11817.9
0.0856592	11817.9
0.0859408	11817.8
0.086024	11817.8
0.0862549	11817.8
0.0864946	11817.7
0.086518	11817.7
0.0865414	11817.7
0.0868059	11817.7
0.0870598	11817.7
0.0871724	11817.6
0.0875557	11817.6
0.0878281	11817.5
0.0878973	11817.5
0.0879479	11817.5
0.0880777	11817.5
0.0883653	11817.4
0.0886688	11817.4
0.0887614	11817.3
0.0888086	11817.3
0.0888564	11817.3
0.0888801	11817.3
0.0894557	11817.2
0.089584	11817.2
0.0898102	11817.1
0.0901452	11817
0.0902046	11817
0.0906605	11816.9
0.0906954	11816.9
0.0907012	11816.9
0.0911541	11816.8
0.0915094	11816.7
0.0916399	11816.7
0.0917173	11816.6
0.0920745	11816.5
0.0921011	11816.5
0.0923754	11816.5
0.0926182	11816.4
0.0926269	11816.4
0.0926292	11816.4
0.0931824	11816.3
0.0934381	11816.2
0.0934494	11816.2
0.0937486	11816.1
0.0938774	11816.1
0.0942132	11816
0.0942186	11816
0.0944096	11815.9
0.0945778	11815.9
0.0946242	11815.9
0.0948141	11815.8
0.0948732	11815.8
0.0950601	11815.7
0.0954193	11815.6
0.0956916	11815.6
0.0957621	11815.5
0.0960371	11815.5
0.0961227	11815.4
0.0964724	11815.3
0.0967497	11815.2
0.0969574	11815.2
0.09716	11815.1
0.0972669	11815.1
0.0973048	11815.1
0.0975138	11815
0.0975758	11815
0.0975883	11815
0.0980885	11814.8
0.0982623	11814.8
0.0982901	11814.8
0.0985903	11814.7
0.0989229	11814.6
0.0991467	11814.5
0.0993814	11814.4
0.0995343	11814.4
0.0995845	11814.4
0.0998543	11814.3
0.0999399	11814.3
0.0999698	11814.2
0.100355	11814.1
0.100445	11814.1
0.100541	11814.1
0.100849	11814
0.101332	11813.8
0.101344	11813.8
0.101363	11813.8
0.101597	11813.7
0.101702	11813.7
0.101899	11813.6
0.102121	11813.5
0.102476	11813.4
0.102519	11813.4
0.102917	11813.3
0.103015	11813.3
0.103423	11813.1
0.103648	11813
0.103707	11813
0.103857	11813
0.103993	11812.9
0.104258	11812.8
0.104508	11812.7
0.104753	11812.7
0.104776	11812.7
0.104985	11812.6
0.10522	11812.5
0.105234	11812.5
0.105413	11812.4
0.105681	11812.3
0.105723	11812.3
0.106109	11812.2
0.106585	11812
0.106588	11812
0.106953	11811.9
0.107007	11811.9
0.107173	11811.8
0.107415	11811.8
0.107417	11811.8
0.10776	11811.6
0.107879	11811.6
0.108303	11811.5
0.10848	11811.4
0.108515	11811.4
0.108783	11811.3
0.108973	11811.2
0.109169	11811.1
0.10929	11811.1
0.109407	11811.1
0.109502	11811
0.109654	11811
0.109899	11810.9
0.109986	11810.9
0.110147	11810.8
0.11041	11810.7
0.110635	11810.6
0.110746	11810.6
0.111144	11810.5
0.111343	11810.4
0.11142	11810.4
0.111685	11810.3
0.112028	11810.2
0.112475	11810
0.11254	11810
0.112583	11810
0.112583	11810
0.112681	11809.9
0.11288	11809.9
0.112991	11809.8
0.113138	11809.8
0.113442	11809.7
0.113569	11809.6
0.113634	11809.6
0.113697	11809.6
0.113991	11809.5
0.114355	11809.3
0.11452	11809.3
0.114601	11809.3
0.114685	11809.2
0.115207	11809
0.115242	11809
0.115551	11808.9
0.11586	11808.8
0.115958	11808.8
0.115976	11808.8
0.116249	11808.7
0.11649	11808.6
0.116981	11808.4
0.117035	11808.4
0.117209	11808.3
0.117291	11808.3
0.117503	11808.2
0.117741	11808.2
0.117836	11808.1
0.118028	11808.1
0.118225	11808
0.118343	11808
0.118394	11807.9
0.118916	11807.8
0.119198	11807.7
0.119518	11807.5
0.119629	11807.5
0.119783	11807.4
0.120046	11807.4
0.12017	11807.3
0.120272	11807.3
0.120659	11807.1
0.120945	11807
0.121001	11807
0.121066	11807
0.121118	11807
0.121555	11806.8
0.121754	11806.8
0.121931	11806.7
0.122171	11806.6
0.122322	11806.6
0.122396	11806.5
0.122535	11806.5
0.122606	11806.5
0.122686	11806.4
0.122929	11806.3
0.122998	11806.3
0.123178	11806.3
0.12356	11806.1
0.123596	11806.1
0.123986	11806
0.124134	11805.9
0.124338	11805.8
0.124532	11805.8
0.124654	11805.7
0.124718	11805.7
0.125067	11805.6
0.125072	11805.6
0.125086	11805.6
0.125172	11805.5
0.125483	11805.4
0.1255	11805.4
0.12574	11805.4
0.125784	11805.3
0.126065	11805.2
0.126466	11805.1
0.126709	11805
0.126905	11805
0.127027	11804.9
0.127316	11804.8
0.127531	11804.7
0.127689	11804.7
0.12786	11804.6
0.128187	11804.5
0.128265	11804.5
0.1285	11804.4
0.128736	11804.3
0.129063	11804.2
0.129212	11804.1
0.129358	11804.1
0.129539	11804
0.129683	11804
0.129883	11803.9
0.130096	11803.8
0.13016	11803.8
0.130428	11803.7
0.13078	11803.6
0.130889	11803.6
0.131154	11803.5
0.131163	11803.5
0.13119	11803.5
0.131377	11803.4
0.131728	11803.3
0.13177	11803.3
0.131785	11803.3
0.132077	11803.2
0.132269	11803.1
0.132304	11803.1
0.132375	11803.1
0.132666	11803
0.132826	11802.9
0.133021	11802.8
0.133248	11802.8
0.133299	11802.7
0.133702	11802.6
0.133872	11802.5
0.133896	11802.5
0.1343	11802.4
0.13434	11802.4
0.134666	11802.3
0.134746	11802.2
0.13484	11802.2
0.135161	11802.1
0.135532	11802
0.135582	11801.9
0.135622	11801.9
0.135965	11801.8
0.136298	11801.7
0.136328	11801.7
0.136411	11801.7
0.136742	11801.5
0.136902	11801.5
0.136966	11801.5
0.137076	11801.4
0.137296	11801.4
0.137409	11801.3
0.137513	11801.3
0.137873	11801.2
0.137921	11801.1
0.138117	11801.1
0.138296	11801
0.138689	11800.9
0.138877	11800.8
0.13907	11800.7
0.139119	11800.7
0.139221	11800.7
0.139731	11800.5
0.139826	11800.5
0.139889	11800.4
0.139957	11800.4
0.139969	11800.4
0.14	11800.4
)
